*aiy10290_Ending_Base
	;if %branch_flag != 0 b_f_116
	b_f_300_1 1, "aiy10_roll", "aiy00_msk01", -400, -360-4330, 0, 0, 0, 0, 1, 1, 0, 0, 1, 0, 1
	;b_f_300_1 1, "aiy10_roll", "aiy00_msk01", 0, 0, 0, 400, -360, 0, 1, 1, 0, 0, 1, 0, 1
	b_f_110 500
	b_f_181 1, "bgm_0104_head", "bgm_0104_loop", 0, 128, 0
	b_f_112 0
	;b_f_308 1, 0, -4330, 0, 0, 0, 0, 0, 256500, 0
	b_f_308 1, -400, -360-4330*2, 0, 0, 0, 0, 0, 256500, 0
	b_f_113 260500
	b_f_300 5, "black_sprite", 0, 0, 0, 0, 640, 360, 0, 1, 1, 0, 0, 5, 3000, 1
	b_f_113 264500
	return

*aiy20250_Ending_Base
*aiy30310_Ending_Base
	mov %2988, %3004
	;b_f_300_1 1, "aiy30_roll", "aiy00_msk01", 0, 0, 0, 400, -360, 0, 1, 1, 0, 0, 1, 0, 1
	b_f_300_1 1, "aiy30_roll", "aiy00_msk01", -400, -360-4390, 0, 0, 0, 0, 1, 1, 0, 0, 1, 0, 1
	b_f_110 500
	b_f_181 1, "bgm_0104_head", "bgm_0104_loop", 0, 128, 0
	b_f_112 0
	;b_f_308 1, 0, -4390, 0, 0, 0, 0, 0, 256500, 0
	b_f_308 1, -400, -4390*2-360, 0, 0, 0, 0, 0, 256500, 0
	b_f_113 260500
	b_f_300 5, "black_sprite", 0, 0, 0, 0, 640, 360, 0, 1, 1, 0, 0, 5, 3000, 1
	b_f_113 264500
	return

*aiy40450_Ending_Base
	mov %2988, %3004
	;b_f_300_1 1, "aiy40_roll", "aiy00_msk01", 0, 0, 0, 400, -360, 0, 1, 1, 0, 0, 1, 0, 1
	b_f_300_1 1, "aiy40_roll", "aiy00_msk01", -400, -360-4570, 0, 0, 0, 0, 1, 1, 0, 0, 1, 0, 1
	b_f_110 500
	b_f_181 1, "bgm_0104_head", "bgm_0104_loop", 0, 128, 0
	b_f_112 0
	;b_f_308 1, 0, -4570, 0, 0, 0, 0, 0, 256500, 0
	b_f_308 1, -400, -4570*2-360, 0, 0, 0, 0, 0, 256500, 0
	b_f_113 260500
	b_f_300 5, "black_sprite", 0, 0, 0, 0, 640, 360, 0, 1, 1, 0, 0, 5, 3000, 1
	b_f_113 264500
	return
	
*aiy50320_Ending_Base
	mov %2988, %3004
	b_f_300 1, "aiy50_bg", 0, 0, -245, 0, 640, 605, 0, 1, 1, 0, 0, 1, 0, 1
	b_f_300 2, "black_sprite", 0, 0, 0, 0, 640, 360, 0, 1, 1, 0, 256, 2, 0, 1
	;b_f_300_1 3, "aiy50_roll", "aiy00_msk01", 0, 0, 0, 400, -360, 0, 1, 1, 0, 0, 3, 0, 1
	b_f_300_1 3, "aiy50_roll", "aiy00_msk01", -400, -360-5070, 0, 0, 0, 0, 1, 1, 0, 0, 3, 0, 1
	b_f_181 1, "bgm_0105_head", "bgm_0105_loop", 0, 128, 0
	b_f_112 0
	;b_f_308 3, 0, -5070, 0, 0, 0, 0, 0, 310000, 0
	b_f_308 3, -400, -5070*2-360, 0, 0, 0, 0, 0, 310000, 0
	b_f_308 1, 0, 245, 0, 0, 0, 0, 0, 94000, 0
	b_f_113 90000
	b_f_308 2, 0, 0, 0, 0, 0, 0, 0, 4000, 0
	b_f_113 314000
	b_f_300 5, "black_sprite", 0, 0, 0, 0, 640, 360, 0, 1, 1, 0, 0, 5, 3000, 1
	b_f_113 318000
	return
